5 | 1758794787 | arte,
0 | 1758795429 | awdaw
0 | 1758795590 | nikitos
0 | 1758795596 | 
3 | 1758795622 | 
0 | 1758795627 | 
8 | 1758865395 | hhelp
20 | 1758867510 | artj
1 | 1758867910 | euro
0 | 1758868667 | win
1 | 1758876048 | awdawd
0 | 1758876058 | 
1 | 1758876090 | 
0 | 1759124886 | 
14 | 1759126429 | artjom
13 | 1759126837 | test
6 | 1759127445 | fail
6 | 1759127458 | f
62 | 1759127561 | EPICWIN
9999 | 1759127561 | fortnite
1 | 1759131886 | score: 9999
25 | 1759132258 | score: 99999
27 | 1759132714 | kkk
0 | 1759132763 | 
0 | 1759132766 | 
0 | 1759132768 | 
0 | 1759132771 | 
0 | 1759132775 | 
0 | 1759132984 | 
11 | 1759133740 | 123
33 | 1759133903 | SSS
21 | 1759135080 | 
4 | 1759396306 | 
41 | 1759398126 | rainbow
0 | 1759398476 | 
41 | 1759399203 | abc
